object: kettle
object_frame_units: mm
object_diag_mm: 284.1505285991852
object_center_of_mass_mm: [0.12290699584978682, 5.363635326626616, -31.540267496387468]
top_stable_poses:
- {rank: 1, P: 0.43519182673032486}
- {rank: 2, P: 0.20751241304045648}
- {rank: 3, P: 0.15329879999151552}
- {rank: 4, P: 0.0991387365802993}
candidates:
- id: 1
  kind: hole
  source_pose_rank: 2
  source_pose_P: 0.20751241304045648
  width_mm: 9.512565842170837
  center_pkm: [11.000344631255771, 73.25867303312546, 4.3429587072381945]
  contact_p1: [9.244572300477905, 72.37698708017885, 0.011432344827326357]
  contact_p2: [12.756116962033637, 74.14035898607207, 8.674485069649062]
  approach_vector_v: [0.47399261095941864, 0.8053287741339981, -0.3560569762098546]
  orientation_vector_u: [0.3691480006359675, 0.18537289887400382, 0.9106956912104646]
  local_x_axis: [-0.7994127584560546, 0.5631007493467559, 0.20942012248779673]
  Q_score: 0.770801268196635
  feasible: true
  component_scores: {geo: 0.8168328920416201, ali: 0.9195830776492834, wid: 0.3861588398988736,
    com: 0.7008790187999179}
  friction_angles_deg: [31.792567668710426, 8.426323465209935]
  com_perpendicular_distance_mm: 59.89277012881648
- id: 2
  kind: hole
  source_pose_rank: 3
  source_pose_P: 0.15329879999151552
  width_mm: 13.534996600210707
  center_pkm: [7.180273667617151, 8.645452382180814, 89.68957512982074]
  contact_p1: [7.538766918876696, 6.414800591004685, 83.31033470346487]
  contact_p2: [6.821780416357605, 10.876104173356943, 96.0688155561766]
  approach_vector_v: [-0.7965142841029341, -0.5832847494245412, 0.159197664269111]
  orientation_vector_u: [-0.05297278778096456, 0.3296124642013192, 0.9426290400776433]
  local_x_axis: [0.6022946778568644, -0.742384350947582, 0.2934392552018787]
  Q_score: 0.7376607757158586
  feasible: true
  component_scores: {geo: 0.5937980319071748, ali: 0.9417766325824506, wid: 0.47592588258990337,
    com: 0.8588050717066948}
  friction_angles_deg: [17.991266789253043, 21.180050217879142]
  com_perpendicular_distance_mm: 39.19492034582401
- id: 3
  kind: outer
  source_pose_rank: 4
  source_pose_P: 0.0991387365802993
  width_mm: 86.53796708492042
  center_pkm: [-16.406094194748597, 26.729909042691816, -87.00754088752682]
  contact_p1: [16.2586380040024, 55.09074622105971, -87.94728645079289]
  contact_p2: [-49.070826393499594, -1.630928135676076, -86.06779532426074]
  approach_vector_v: [0.02121778450753826, 0.008688928051161048, 0.9997371195218838]
  orientation_vector_u: [-0.7549225686500458, -0.6554542042924776, 0.021718688222566666]
  local_x_axis: [-0.655470610297209, 0.7551849366907599, 0.007347818178039898]
  Q_score: 0.6578474851722997
  feasible: true
  component_scores: {geo: 0.6195381982792703, ali: 0.8651120578065764, wid: 0.23513795019205005,
    com: 0.6863280200896397}
  friction_angles_deg: [31.662850450166967, 28.469321288884565]
  com_perpendicular_distance_mm: 61.63509257847834
- id: 4
  kind: hole
  source_pose_rank: 2
  source_pose_P: 0.20751241304045648
  width_mm: 17.83735365991493
  center_pkm: [-32.921369395302676, 11.560848771419197, 69.14392736991816]
  contact_p1: [-32.35288961756544, 2.661705191722106, 68.98622293922587]
  contact_p2: [-33.48984917303992, 20.459992351116288, 69.30163180061045]
  approach_vector_v: [0.9498494429919959, 0.06609304328545683, -0.30564316658001983]
  orientation_vector_u: [-0.06374037187082617, 0.9978098488561374, 0.01768249188742438]
  local_x_axis: [-0.3061424515508483, -0.002686104027606951, -0.9519819243050728]
  Q_score: 0.5626863101561363
  feasible: true
  component_scores: {geo: 0.2654185304243866, ali: 0.9526416230025978, wid: 0.5783435262336539,
    com: 0.33075818347762515}
  friction_angles_deg: [22.180230448557392, 11.683167224467187]
  com_perpendicular_distance_mm: 105.67036939397117
